12.8 7.8 -1
13.6 9.0 -1
0.0 2.4 1
9.6 12.0 -1
17.2 18.2 1
12.0 9.0 -1
12.2 7.2 -1
1.6 3.6 1
6.8 5.6 -1
0.6 15.4 1
0.4 12.8 1
17.4 13.6 1
4.4 13.0 -1
11.2 4.0 -1
8.2 8.6 -1
6.4 4.2 -1
2.0 3.0 1
15.4 12.6 -1
13.6 7.2 -1
10.0 19.8 1
15.2 2.2 1
12.8 13.0 -1
10.4 0.8 1
5.2 8.6 -1
0.2 6.8 1
14.0 17.2 1
19.2 14.0 1
8.2 18.0 1
16.4 11.6 -1
16.0 9.2 -1
7.0 3.0 1
10.2 7.4 -1
10.2 0.6 1
13.6 16.0 -1
0.0 9.6 1
12.6 6.4 -1
19.2 3.2 1
16.6 8.6 -1
3.4 19.6 1
7.4 19.8 1
17.2 18.2 1
7.0 7.2 -1
4.2 1.2 1
18.0 15.2 1
17.8 19.0 1
18.2 16.6 1
6.6 5.0 -1
16.4 19.2 1
7.2 18.6 1
8.4 6.8 -1
15.0 17.6 1
10.4 8.4 -1
15.4 16.2 1
14.4 13.6 -1
11.2 0.6 1
7.0 3.2 1
14.8 5.8 -1
0.0 5.4 1
19.4 15.2 1
15.6 10.6 -1
4.2 8.8 -1
10.8 17.2 1
4.8 8.4 -1
2.6 15.2 1
14.2 12.0 -1
7.8 3.0 1
4.0 9.8 -1
16.0 0.4 1
19.4 6.6 1
16.6 11.4 -1
18.4 4.8 1
14.6 16.4 1
5.6 5.6 -1
4.0 16.0 1
19.0 5.4 1
16.0 17.8 1
18.8 13.8 1
12.0 19.4 1
7.2 13.2 -1
7.6 18.0 1
16.2 3.8 1
9.2 7.2 -1
5.6 18.4 1
4.8 6.6 -1
5.0 4.2 1
2.4 16.2 1
14.8 8.6 -1
17.4 0.6 1
1.4 15.6 1
10.8 4.0 -1
12.2 15.8 -1
2.4 11.4 1
15.6 8.6 -1
6.0 10.0 -1
17.6 16.2 1
11.8 6.6 -1
0.2 7.6 1
11.2 10.6 -1
14.4 10.8 -1
10.0 17.4 1
13.8 6.6 -1
1.2 13.0 1
9.0 9.2 -1
3.0 14.6 1
4.8 6.8 -1
19.8 0.8 1
12.0 10.0 -1
4.0 4.8 1
12.6 6.8 -1
19.4 3.2 1
9.6 1.2 1
9.0 13.2 -1
17.0 17.8 1
0.6 9.0 1
4.4 13.0 -1
9.8 7.8 -1
12.0 17.2 1
16.0 2.8 1
11.8 4.0 -1
4.6 16.2 1
16.6 14.2 1
18.6 1.4 1
12.6 13.0 -1
0.6 7.4 1
4.0 13.6 -1
18.8 2.4 1
15.8 15.4 1
16.0 7.2 -1
2.6 5.4 1
15.0 17.6 1
0.8 3.2 1
11.2 14.2 -1
11.2 2.8 1
19.0 17.2 1
13.4 0.2 1
14.4 0.4 1
10.8 8.0 -1
17.6 0.0 1
10.6 13.0 -1
1.6 8.0 1
0.0 18.6 1
19.2 4.4 1
14.6 6.0 -1
6.8 3.4 1
14.0 17.4 1
14.2 15.8 1
10.4 14.0 -1
13.2 16.4 1
3.4 0.4 1
11.4 2.6 1
7.4 16.8 1
19.0 0.6 1
2.6 16.6 1
4.4 1.8 1
7.0 15.0 -1
10.0 3.8 -1
19.2 1.6 1
12.8 7.2 -1
0.2 7.8 1
13.2 14.6 -1
19.8 15.0 1
3.6 16.0 1
15.6 0.8 1
6.4 18.6 1
6.6 3.8 1
10.8 9.4 -1
9.4 18.6 1
10.4 18.8 1
3.8 3.6 1
8.0 14.6 -1
2.0 13.4 1
12.2 14.4 -1
16.2 0.8 1
1.6 13.4 1
8.8 11.0 -1
15.4 8.6 -1
0.0 19.2 1
13.6 11.8 -1
12.4 5.8 -1
11.2 12.2 -1
13.6 10.2 -1
1.8 3.6 1
12.2 16.6 -1
7.4 19.0 1
1.0 6.0 1
2.4 13.6 1
8.8 7.2 -1
19.0 19.4 1
15.0 8.0 -1
3.8 19.6 1
13.4 13.0 -1
0.6 11.2 1
15.8 8.6 -1
9.4 3.0 1
11.2 1.2 1
0.4 2.2 1
9.2 15.4 -1
14.6 7.8 -1
11.2 2.0 1
2.8 0.8 1
7.4 16.4 -1
11.8 7.6 -1
4.2 9.4 -1
3.0 12.0 1
4.0 4.0 1
13.0 16.8 1
3.6 13.4 1
15.2 12.8 -1
19.0 19.2 1
5.0 19.2 1
3.6 16.6 1
0.2 15.4 1
7.0 0.0 1
5.6 5.8 -1
10.8 2.4 1
2.8 3.6 1
4.6 18.2 1
7.4 17.0 1
15.8 11.6 -1
12.4 15.2 -1
4.0 16.2 1
6.8 1.0 1
4.2 3.0 1
14.0 2.4 1
8.4 8.4 -1
10.4 13.0 -1
8.6 1.0 1
4.0 10.8 -1
16.8 18.0 1
8.2 18.8 1
15.0 12.2 -1
7.0 9.8 -1
4.0 10.2 -1
19.0 18.8 1
1.4 8.6 1
14.2 1.0 1
0.2 13.6 1
18.8 4.6 1
16.0 8.4 -1
7.6 17.2 1
2.4 19.8 1
3.4 15.8 1
11.0 6.4 -1
13.6 14.0 -1
13.0 0.8 1
19.8 18.2 1
14.6 9.4 -1
5.4 9.8 -1
4.8 18.8 1
18.0 14.4 1
18.4 16.8 1
18.6 16.0 1
17.0 16.4 1
2.8 16.8 1
8.4 0.2 1
17.8 19.4 1
4.8 0.4 1
3.6 3.6 1
13.6 9.6 -1
10.0 3.4 -1
1.8 13.6 1
6.6 12.4 -1
0.2 8.4 1
9.6 6.6 -1
7.0 16.0 -1
12.2 1.8 1
11.2 8.6 -1
12.8 7.4 -1
0.4 3.6 1
6.8 13.4 -1
0.0 19.0 1
14.8 1.4 1
10.6 2.8 1
17.2 9.4 1
0.6 0.6 1
11.2 16.0 -1
8.0 1.0 1
17.6 14.4 1
19.8 19.0 1
16.2 18.8 1
4.8 17.4 1
13.2 12.0 -1
9.2 2.4 1
5.8 3.8 1
7.2 13.4 -1
9.2 17.4 1
9.6 19.8 1
12.4 9.4 -1
7.8 13.0 -1
14.4 7.6 -1
18.8 1.8 1
17.0 4.2 1
10.6 6.2 -1
15.8 0.0 1
12.4 1.4 1
6.0 17.8 1
10.8 8.4 -1
4.8 3.4 1
15.8 6.4 -1
19.0 18.0 1
11.0 0.0 1
6.8 15.8 -1
15.4 8.8 -1
0.4 0.8 1
6.0 2.2 1
18.0 1.2 1
19.8 3.8 1
17.6 9.0 1
8.2 9.6 -1
8.2 7.6 -1
12.4 7.6 -1
17.6 7.0 1
13.4 10.4 -1
1.2 7.0 1
13.6 9.0 -1
19.4 9.4 1
5.4 13.6 -1
6.0 13.0 -1
1.6 3.6 1
17.8 12.6 1
14.0 6.6 -1
16.2 2.4 1
2.6 19.6 1
19.0 0.8 1
13.6 3.6 1
13.6 9.4 -1
10.6 3.2 -1
13.0 4.6 -1
3.6 15.6 1
8.8 6.4 -1
4.6 9.4 -1
1.0 14.2 1
7.8 9.6 -1
14.2 7.0 -1
2.6 13.4 1
15.0 14.2 -1
1.4 5.8 1
3.0 15.4 1
0.6 17.2 1
13.0 19.2 1
9.2 13.4 -1
18.4 15.2 1
12.2 0.6 1
8.4 16.4 -1
13.8 17.0 1
8.8 2.8 1
18.4 17.0 1
19.0 13.2 1
2.8 3.8 1
15.6 0.4 1
7.6 10.4 -1
5.4 14.4 -1
5.0 12.6 -1
9.6 0.6 1
7.6 9.4 -1
3.2 16.2 1
7.8 10.8 -1
2.0 9.2 1
2.4 10.8 1
4.0 10.4 -1
12.2 17.2 1
2.2 10.4 1
8.4 8.8 -1
7.0 13.8 -1
15.2 17.8 1
13.6 16.0 -1
10.8 12.8 -1
16.6 19.6 1
11.2 3.0 1
10.2 19.0 1
13.8 12.6 -1
0.4 15.2 1
9.8 5.6 -1
5.6 13.2 -1
3.2 0.8 1
14.2 18.2 1
18.4 18.8 1
1.0 10.8 1
1.2 10.2 1
0.2 19.6 1
1.8 19.8 1
4.8 8.0 -1
9.0 0.8 1
11.6 18.4 1
9.6 6.2 -1
16.2 1.8 1
5.0 10.6 -1
12.4 19.4 1
2.6 6.4 1
13.0 5.0 -1
18.6 18.4 1
17.6 0.8 1
9.2 9.4 -1
17.4 4.8 1
2.4 0.0 1
17.4 10.6 1
12.8 5.4 -1
16.0 2.6 1
19.6 12.6 1
5.4 9.0 -1
0.2 18.4 1
14.6 6.0 -1
19.2 5.4 1
1.6 17.2 1
15.2 10.2 -1
18.8 14.0 1
17.0 12.6 1
13.0 1.2 1
9.0 15.2 -1
3.4 11.0 -1
13.6 8.0 -1
5.0 6.8 -1
6.4 14.0 -1
6.4 11.8 -1
10.8 13.6 -1
14.0 13.2 -1
11.8 8.2 -1
12.6 7.6 -1
14.4 5.8 -1
12.2 14.4 -1
6.8 12.0 -1
8.2 5.8 -1
8.8 11.8 -1
14.2 12.2 -1
6.2 15.0 -1
8.4 11.0 -1
8.4 16.8 -1
4.0 9.6 -1
14.4 5.4 -1
5.6 15.0 -1
13.0 6.8 -1
10.8 15.6 -1
9.6 6.4 -1
7.4 8.0 -1
13.0 5.8 -1
7.2 7.8 -1
12.0 8.2 -1
13.6 9.2 -1
13.2 15.8 -1
5.6 13.0 -1
5.4 5.2 -1
9.6 14.8 -1
14.0 11.0 -1
13.4 6.6 -1
6.8 11.8 -1
15.0 11.8 -1
10.6 16.2 -1
7.2 7.0 -1
11.8 5.2 -1
14.2 14.0 -1
11.8 6.8 -1
4.8 14.6 -1
14.2 7.0 -1
8.8 4.2 -1
7.6 8.6 -1
5.4 6.0 -1
3.2 11.2 -1
9.8 16.0 -1
13.4 14.2 -1
7.2 15.8 -1
5.8 13.2 -1
13.8 6.0 -1
9.8 15.6 -1
11.0 4.6 -1
8.6 13.0 -1
7.8 6.8 -1
5.4 9.8 -1
7.6 11.4 -1
7.2 5.6 -1
8.4 11.8 -1
8.6 5.2 -1
10.2 7.4 -1
8.6 16.4 -1
15.4 7.6 -1
16.2 12.6 -1
11.2 15.6 -1
5.4 14.8 -1
4.6 8.4 -1
13.4 9.2 -1
5.0 7.8 -1
13.2 5.2 -1
8.0 14.0 -1
10.4 15.8 -1
3.8 11.4 -1
6.2 7.4 -1
3.4 11.0 -1
15.4 9.4 -1
8.8 10.2 -1
4.8 7.8 -1
5.8 10.4 -1
12.8 14.0 -1
4.8 12.2 -1
8.2 5.0 -1
12.8 4.0 -1
16.8 10.6 -1
8.8 14.4 -1
6.8 14.6 -1
3.6 8.8 -1
9.6 16.0 -1
10.0 12.4 -1
