9.8 13.2 -1
11.2 5.6 -1
11.8 16.6 -1
7.0 1.2 1
4.6 0.4 1
15.6 12.6 -1
5.0 14.0 -1
13.2 8.2 -1
6.0 19.4 1
4.8 5.2 1
19.8 2.8 1
1.0 5.8 1
7.6 11.2 -1
3.2 8.8 -1
11.4 13.4 -1
18.4 8.2 1
17.4 5.4 1
5.8 12.6 -1
3.6 14.0 1
2.0 12.4 1
10.6 16.4 -1
19.0 8.2 1
2.2 14.8 1
9.4 17.8 1
6.6 9.4 -1
2.2 6.4 1
12.2 11.4 -1
13.0 18.2 1
0.6 12.4 1
17.8 6.2 1
15.0 15.0 1
2.2 13.2 1
2.0 2.8 1
18.8 14.2 1
3.2 2.8 1
4.8 9.2 -1
17.2 1.6 1
17.0 12.2 1
6.6 8.8 -1
7.2 5.2 -1
12.2 8.4 -1
11.8 6.2 -1
4.8 3.0 1
14.2 3.2 1
8.0 17.4 1
17.2 1.0 1
4.4 4.6 1
19.2 10.0 1
0.2 14.0 1
5.4 10.2 -1
0.0 12.8 1
19.4 12.4 1
17.4 8.2 1
18.2 19.4 1
4.8 11.8 -1
10.0 14.8 -1
4.0 16.2 1
5.0 0.6 1
9.2 12.6 -1
12.6 11.0 -1
13.4 10.6 -1
12.2 0.8 1
6.0 13.6 -1
8.0 0.8 1
7.4 13.2 -1
10.6 3.2 -1
3.2 9.4 -1
6.6 2.4 1
19.4 4.4 1
8.0 18.2 1
9.0 10.2 -1
10.0 11.6 -1
4.8 8.6 -1
3.6 14.8 1
13.0 8.8 -1
12.2 16.0 -1
10.8 0.6 1
6.0 14.6 -1
10.6 14.6 -1
10.0 12.2 -1
2.6 11.4 1
12.6 11.6 -1
16.4 0.2 1
15.6 3.0 1
8.0 8.0 -1
0.8 0.6 1
9.6 10.6 -1
17.6 17.4 1
8.6 14.6 -1
6.6 1.4 1
7.4 5.4 -1
3.4 18.0 1
1.6 0.4 1
4.4 2.0 1
19.0 7.4 1
12.8 1.8 1
19.6 13.2 1
10.6 8.4 -1
4.6 2.6 1
0.0 0.2 1
17.4 18.4 1
17.4 15.0 1
1.2 8.0 1
17.0 11.6 1
3.2 2.4 1
4.8 5.2 1
5.0 19.8 1
0.6 11.8 1
13.2 6.4 -1
4.0 17.8 1
5.2 2.4 1
15.2 10.2 -1
2.8 17.6 1
13.6 12.4 -1
6.4 7.4 -1
17.0 10.8 1
15.6 19.2 1
11.4 16.2 -1
13.6 12.4 -1
17.8 5.2 1
18.2 2.8 1
7.0 12.0 -1
18.4 10.4 1
0.0 14.4 1
6.4 10.2 -1
17.4 2.8 1
14.4 10.4 -1
17.6 16.8 1
16.8 11.6 -1
12.2 2.4 1
2.4 5.0 1
16.0 9.2 -1
11.0 10.6 -1
1.0 10.2 1
7.4 12.0 -1
8.4 8.2 -1
16.8 8.6 -1
4.4 1.2 1
2.6 6.8 1
0.4 16.0 1
2.4 9.8 1
7.8 7.8 -1
12.8 2.8 1
2.4 16.2 1
19.4 12.0 1
12.6 14.4 -1
19.8 14.8 1
13.0 11.4 -1
12.0 14.2 -1
14.8 5.0 -1
4.8 4.2 1
6.4 2.0 1
16.8 16.2 1
14.8 1.2 1
10.0 17.6 1
9.2 8.0 -1
15.0 11.8 -1
17.2 14.8 1
10.6 6.0 -1
12.4 12.8 -1
12.4 7.6 -1
9.0 0.4 1
4.2 14.4 1
17.0 19.8 1
6.0 13.6 -1
1.2 7.8 1
15.4 0.2 1
17.4 15.6 1
10.4 5.6 -1
14.6 5.2 -1
10.0 14.0 -1
0.2 4.2 1
0.4 2.6 1
6.6 1.6 1
5.4 18.4 1
7.6 15.2 -1
0.2 0.8 1
5.0 5.2 -1
13.0 14.0 -1
18.8 8.4 1
17.6 9.0 1
18.4 15.6 1
4.4 19.4 1
1.6 4.8 1
17.8 19.8 1
6.0 8.8 -1
17.8 3.6 1
17.0 13.8 1
13.2 4.0 -1
15.8 11.6 -1
4.6 4.8 1
18.8 1.2 1
2.0 1.8 1
12.8 10.4 -1
16.4 16.4 1
12.6 9.2 -1
5.8 2.6 1
8.2 6.0 -1
9.4 13.4 -1
5.6 16.0 1
19.0 19.6 1
1.0 16.0 1
10.0 0.0 1
11.4 6.8 -1
3.2 3.6 1
11.8 17.4 1
10.2 2.6 1
2.2 16.2 1
0.8 5.0 1
7.6 6.8 -1
18.8 3.4 1
0.8 15.0 1
19.8 9.0 1
16.4 19.0 1
5.4 7.2 -1
3.0 9.0 1
18.2 0.6 1
13.6 14.0 -1
19.0 16.2 1
16.8 7.4 1
14.0 4.8 -1
6.2 3.0 1
9.6 8.2 -1
16.4 11.8 -1
1.4 1.2 1
0.2 14.4 1
7.2 3.2 1
14.2 8.4 -1
12.0 6.0 -1
17.8 11.6 1
14.6 5.2 -1
0.4 17.2 1
13.2 9.6 -1
16.8 4.8 1
18.8 16.2 1
0.2 11.4 1
8.0 13.8 -1
17.4 18.6 1
11.6 9.0 -1
17.6 2.8 1
2.6 2.0 1
5.2 5.6 -1
18.2 10.4 1
6.0 8.0 -1
11.2 15.0 -1
14.8 19.2 1
12.6 1.6 1
5.6 4.6 -1
7.8 14.4 -1
17.0 0.6 1
11.2 8.4 -1
10.0 18.8 1
13.2 8.0 -1
9.0 0.8 1
16.0 12.0 -1
5.6 4.2 1
7.8 11.4 -1
12.2 6.6 -1
16.4 3.8 1
8.8 18.2 1
19.4 8.2 1
17.6 8.0 1
11.8 1.8 1
7.8 1.6 1
9.4 1.2 1
3.6 3.4 1
17.0 11.0 1
16.2 9.6 -1
1.4 7.4 1
16.2 10.8 -1
11.0 3.6 -1
5.0 6.2 -1
8.2 14.0 -1
2.8 18.2 1
11.4 18.2 1
4.0 17.8 1
0.8 3.4 1
2.2 16.8 1
9.6 4.6 -1
11.2 13.4 -1
12.8 5.4 -1
18.2 0.8 1
12.8 0.6 1
19.6 17.6 1
17.8 2.8 1
10.2 2.6 1
17.8 4.0 1
10.4 3.4 -1
14.6 8.6 -1
6.0 19.4 1
7.2 3.4 1
9.0 3.2 -1
1.2 12.8 1
16.0 0.4 1
16.2 10.2 -1
3.8 2.0 1
3.0 18.8 1
12.8 19.2 1
9.0 2.2 1
0.6 18.0 1
3.8 19.2 1
7.2 2.0 1
3.2 0.6 1
16.0 12.2 -1
7.4 13.6 -1
15.0 14.4 -1
3.6 9.0 -1
15.8 3.0 1
8.4 15.4 -1
13.2 18.0 1
17.8 19.8 1
13.0 9.4 -1
10.0 5.4 -1
1.8 13.4 1
3.2 14.2 1
4.8 5.8 -1
8.2 2.6 1
12.0 0.4 1
17.0 19.0 1
12.2 9.0 -1
7.0 3.8 -1
13.6 8.2 -1
8.6 5.2 -1
7.8 2.4 1
19.4 5.4 1
16.6 18.6 1
3.6 16.8 1
6.4 6.0 -1
6.6 1.2 1
16.4 6.8 1
0.2 12.2 1
13.0 15.4 -1
8.2 11.2 -1
4.4 0.8 1
19.8 17.2 1
2.2 10.8 1
5.8 9.8 -1
1.0 7.8 1
18.8 7.0 1
13.4 12.4 -1
18.0 6.0 1
4.2 11.2 -1
18.4 6.0 1
10.4 7.4 -1
18.2 19.8 1
18.8 10.4 1
14.8 1.2 1
13.0 12.6 -1
6.2 4.2 -1
2.8 9.6 1
16.4 0.6 1
19.6 7.4 1
13.8 7.8 -1
15.6 17.4 1
17.0 18.2 1
14.4 14.6 -1
18.2 12.0 1
15.0 4.8 1
9.8 1.6 1
10.0 1.2 1
9.8 1.2 1
0.4 7.8 1
3.2 19.4 1
11.6 13.0 -1
11.4 1.6 1
18.0 18.0 1
6.8 1.8 1
15.2 8.6 -1
4.6 0.4 1
14.4 18.0 1
7.0 12.8 -1
15.6 2.0 1
12.2 5.8 -1
17.0 6.0 1
18.8 0.6 1
8.0 10.6 -1
5.6 16.6 1
17.4 7.0 1
10.0 11.2 -1
2.2 3.8 1
11.6 14.2 -1
7.6 5.8 -1
16.2 16.2 1
1.6 17.8 1
1.4 8.6 1
9.0 5.4 -1
9.8 11.6 -1
4.2 15.6 1
1.4 16.2 1
10.4 1.0 1
13.4 13.8 -1
12.2 3.6 -1
12.0 19.8 1
17.8 7.0 1
3.4 9.4 -1
4.2 3.4 1
17.8 19.2 1
19.4 11.2 1
11.2 17.2 1
5.8 12.2 -1
4.2 8.6 -1
13.6 8.2 -1
0.0 4.8 1
12.2 5.6 -1
12.0 6.4 -1
13.2 0.2 1
0.0 11.0 1
12.2 5.8 -1
10.2 5.0 -1
13.4 15.4 -1
3.6 11.0 -1
16.0 7.2 -1
7.8 14.2 -1
6.8 6.2 -1
12.0 16.2 -1
15.0 13.4 -1
13.2 7.8 -1
4.0 6.4 -1
6.6 7.8 -1
5.6 12.2 -1
13.2 6.4 -1
12.6 15.4 -1
6.8 4.6 -1
8.2 5.2 -1
15.0 12.2 -1
15.8 7.6 -1
7.4 15.4 -1
6.6 6.2 -1
14.8 10.8 -1
3.6 10.8 -1
7.4 14.8 -1
8.2 5.4 -1
6.2 9.0 -1
12.2 14.8 -1
5.8 8.8 -1
10.0 12.0 -1
11.0 6.0 -1
6.2 11.0 -1
12.8 13.0 -1
10.8 8.4 -1
5.2 5.0 -1
16.4 11.6 -1
13.0 5.8 -1
9.6 16.4 -1
4.8 10.8 -1
11.6 15.6 -1
15.2 7.4 -1
11.0 16.0 -1
6.0 12.4 -1
12.8 8.0 -1
14.6 4.8 -1
6.0 7.4 -1
12.8 13.4 -1
12.4 6.2 -1
12.8 6.2 -1
8.4 6.4 -1
16.4 11.2 -1
14.6 6.4 -1
16.4 11.2 -1
14.2 5.2 -1
4.8 10.2 -1
11.4 13.0 -1
10.0 7.8 -1
11.4 5.4 -1
10.2 11.2 -1
14.4 14.0 -1
12.0 8.8 -1
8.0 11.0 -1
10.6 4.6 -1
9.2 16.2 -1
7.4 6.2 -1
16.8 10.8 -1
14.4 8.4 -1
14.4 14.6 -1
11.2 3.4 -1
8.6 6.2 -1
4.4 7.0 -1
14.8 8.8 -1
4.6 14.4 -1
9.6 5.0 -1
14.8 11.6 -1
11.4 8.8 -1
9.2 15.6 -1
9.2 3.4 -1
9.8 15.6 -1
3.8 11.6 -1
10.2 13.8 -1
11.4 5.0 -1
14.6 9.8 -1
15.2 9.4 -1
14.8 13.8 -1
16.0 8.6 -1
13.6 15.8 -1
6.4 7.2 -1
6.8 5.8 -1
4.0 12.0 -1
5.4 6.6 -1
12.8 10.0 -1
12.8 14.8 -1
10.6 8.0 -1
